24.187
25.957
25.429
25.331
28.272
26.000
24.878
26.167
26.252
24.886
25.740
25.153
25.457
36.252
27.865
26.772
26.833
26.742
26.408
30.374
30.558
28.164
27.707
28.731
27.236
27.181
27.314
27.913
31.490
28.143
30.228
27.379
26.028
27.747
26.960
27.291
28.641
27.665
30.775
28.652
28.548
29.076
30.444
31.729
29.211
29.267
29.241
27.410
26.186
26.505
26.261
26.259
30.269
26.722
28.256
27.828
26.054
25.915
26.481
25.484
25.614
27.520
29.807
29.817
27.819
28.854
28.396
26.400
27.112
26.562
27.219
32.005
29.725
25.523
26.719
25.156
26.311
26.255
25.568
31.173
29.155
27.345
26.952
26.161
27.504
26.848
25.870
26.420
28.151
27.480
27.567
27.203
27.970
26.291
27.144
29.328
28.739
29.351
27.655
26.771
27.726
