86663238
86684640
86695423
86703847
86711785
86717198
86721037
86724612
86728992
86732333
86734846
86738215
86741267
86744840
86749216
86752973
86756368
86761884
86767633
86771998
86775019
86778241
86781088
86784730
86788903
86793315
86797203
86800685
86803447
86806840
86810236
86813600
86817140
86820733
86824917
86828933
86832285
86835402
86838635
86842534
86845966
86848932
86850005
86851311
86852890
86854111
86856863
86860770
86865248
86868517
86873711
86877937
86878986
86880983
86884068
86886278
86886454
86889244
86892716
86897274
86901978
86906052
86909426
86912910
86916472
86919801
86924029
86930503
86934403
86938249
86941918
86945662
86948911
86952776
86957084
86961731
86965461
86969275
86972665
86976651
86979808
86984603
86988576
86992353
86996166
87000406
87009143
87012935
87016894
87020840
87024837
87028597
87032692
87037437
87044099
87047556
87052234
87057025
87061230
87065600
87070144
87074656
87078640
87083349
87087530
87092371
87097565
87102946
87107593
87112635
87118109
87122477
87126997
87137877
87151733
87165066
