25.045
25.903
25.312
25.617
36.488
28.577
26.931
27.005
26.910
26.557
30.572
30.754
28.337
27.771
28.911
27.409
27.353
27.484
28.090
32.700
28.321
30.406
27.550
26.183
27.921
27.121
26.367
28.815
28.623
31.830
29.720
28.716
29.256
30.635
31.932
29.388
29.447
29.419
27.577
26.342
26.661
26.418
26.492
30.459
26.964
28.431
27.997
26.206
26.303
26.860
25.875
26.039
27.766
31.355
30.619
27.990
29.115
28.577
26.563
27.278
26.721
27.383
32.092
29.767
25.668
26.883
25.306
26.670
26.622
25.968
31.431
29.462
27.311
26.549
27.892
27.234
26.229
26.896
29.017
27.833
27.921
27.560
28.321
26.652
27.503
29.708
29.120
29.742
28.038
27.152
27.890
26.901
28.849
30.777
28.949
30.242
30.170
28.828
28.935
29.499
31.895
36.212
34.268
31.659
28.731
29.432
30.142
29.979
33.670
32.963
28.473
29.482
27.723
29.329
28.347
