86471343
86471406
86471407
86471454
86471456
86471624
86471625
86471668
86471669
86471700
86471701
86471845
86471846
86471866
86471867
86471891
86471892
86472046
86472047
86472086
86472087
86472126
86472127
86472291
86472292
86472348
86472349
86472402
86472403
86472566
86472567
86472593
86472594
86472615
86472617
86472805
86472806
86472833
86472834
86472882
86493426
86493502
86493646
86493715
86493791
86493915
86493948
86494003
86494120
86494137
86494334
86494410
86494458
86494615
86494669
86494710
86494879
86494921
86494972
86499511
86499544
86499564
86499710
86501880
86501924
86502082
86502132
86502182
86502356
86502405
86502431
86502585
86502629
86502661
86502861
86502929
86502980
86503146
86503203
86503264
86503420
86503452
86505525
86505669
86505689
86505720
86505873
86505919
86505962
86506126
86506176
86506269
86506408
86506449
86506562
86506627
86506659
86506760
86506841
86506886
86507025
86508360
86508361
86508362
86508363
86508364
86508365
86508368
86508371
86508372
86508401
86508402
86508403
86508404
86508406
86508407
86508408
86508409
86508410
86508411
86508626
86508630
86508772
86508773
86508774
86508775
86508777
86508813
86508814
86508815
86508816
86508818
86508819
86508820
86508822
86508823
86508895
86508896
86508898
86510615
86510650
86510681
86510825
86510856
86510929
86511065
86511112
86511175
86511302
86511323
86511453
86511576
86511609
86511891
86512073
86512155
86512338
86512339
86512342
86512343
86512346
86512347
86512348
86512350
86512416
86512418
86512419
86512421
86512423
86512425
86512430
86512431
86512433
86512436
86512437
86522847
86524818
86524881
86524997
86525087
86525145
86525284
86525325
86525401
86525515
86525549
86525607
86525755
86525781
86525879
86525995
86526109
86526218
86526284
86526362
86526368
86546629
86546778
86546829
86547001
86547195
86547233
86547265
86547375
86547395
86547419
86547675
86547712
86547769
86547905
86547997
86548047
86548225
86548276
86548322
86548465
86548502
86548544
86548736
86548766
86548834
86548961
86549052
86549104
86549295
86549335
86549361
86549514
86549538
86549587
86549766
86549805
86549857
86550014
86550068
86550117
86550263
86550290
86550310
86550423
86550445
86550489
86550630
86550668
86550741
86550884
86550928
86550981
86551125
86551151
86551169
86551286
86551314
86551369
86551488
86551538
86551592
86551728
86551781
86551868
86551994
86552045
86552068
86552189
86552213
86552274
86552474
86552507
86552554
86552689
86552729
86552797
86552926
86552951
86552979
86553097
86553120
86553179
86553304
86553342
86553386
86553529
86553590
86553659
86553787
86553804
86553836
86553947
86553973
86554052
86554148
86554192
86554283
86554371
86554427
86554587
86554618
86554642
86554759
86554787
86554813
86554961
86555005
86555044
86555178
86555224
86555275
86555431
86555465
86555792
86555822
86556020
86556090
86556160
86556356
86556420
86556552
86556704
86556788
86556899
86557020
86557046
86557135
86557231
86557279
86557374
86557661
86557687
86557715
86557828
86557852
86557875
86558029
86558066
86558118
86558256
86558308
86558376
86558511
86558532
86558556
86558669
86558690
86558728
86558877
86558916
86558962
86559093
86559147
86559233
86559354
86559397
86559460
86559529
86559559
86559676
86559735
86559776
86559912
86559954
86560001
86560156
86560188
86560210
86560323
86560343
86560388
86560536
86560573
86560612
86560754
86560800
86560850
86561007
86561039
86561063
86561177
86561247
86561309
86561466
86561495
86561565
86561707
86561760
86561807
86561965
86561988
86562019
86562129
86562153
86562181
86562341
86562380
86562433
86562567
86562605
86562672
86562833
86562882
86562912
86563022
86563042
86563064
86563211
86563247
86563302
86563440
86563483
86563529
86563686
86563719
86563740
86563858
86563879
86563940
86564353
86564393
86564438
86564580
86564656
86564728
86564864
86564895
86564929
86565041
86565066
86565118
86565399
86565428
86565471
86565602
86565655
86565721
86565856
86565876
86566008
86566119
86566144
86566315
86566424
86566469
86566667
86566757
86566803
86567045
86567094
86567119
86567341
86567853
86568058
86568239
86568241
86568492
86568497
86568654
86568765
86568797
86568970
86568977
86569055
86569079
86569241
86569372
86569393
86569509
86569627
86569654
86569712
86569935
86569942
86570003
86570123
86570266
86570298
86570468
86570589
86570635
86570650
86570884
86570893
86571139
86571204
86571274
86571275
86571547
86571576
86571749
86571766
86572077
86572080
86572219
86572322
86572357
86572361
86572595
86572650
86572737
86572793
86572892
86572919
86573088
86573119
86573170
86573172
86573303
86573306
86573371
86573427
86573539
86573551
86573712
86573731
86573795
86573851
86573985
86574001
86574033
86574154
86574217
86574250
86574411
86574449
86574508
86574676
86574697
86574777
86574787
86574983
86574996
86575051
86575237
86575298
86575308
86575680
86575721
86575768
86575879
86576049
86576076
86576109
86576237
86576244
86576303
86576357
86576511
86576540
86576573
86576614
86576695
86576759
86576779
86576857
86576972
86577007
86577010
86577107
86577184
86579903
86579908
86580032
86580037
86580083
86580086
86580110
86580114
86580253
86580264
86580299
86580305
86580362
86580376
86580493
86580497
86580540
86580548
86580581
86580619
86580732
86580738
86580783
86580795
86580879
86580941
86581025
86581027
86581085
86581096
86581184
86581277
86581337
86581341
86581390
86581392
86581467
86581542
86581590
86581596
86581643
86581650
86581750
86581802
86581847
86581853
86581903
86581910
86582058
86582078
86582113
86582117
86582151
86582152
86582267
86582271
86582295
86582296
86582329
86582333
86582511
86582513
86582657
86582663
86582719
86582724
86582852
86582859
86582898
86582901
86582950
86582958
86583118
86583123
86583162
86583167
86583195
86583196
86583341
86583361
86583391
86583393
86583431
86583443
86583618
86583622
86583669
86583675
86583726
86583728
86583889
86583895
86583949
86583952
86584017
86584022
86584218
86584222
86584270
86584279
86584370
86584372
86584491
86584494
86584536
86584537
86584617
86584618
86584759
86584761
86584807
86584810
86584867
86584870
86585053
86585058
86585098
86585101
86585145
86585149
86585297
86585300
86585330
86585335
86585350
86585351
86585468
86585482
86585527
86585542
86585590
86585634
86585781
86585806
86585872
86585895
86585963
86585989
86586128
86586156
86586216
86586242
86586312
86586374
86586532
86586540
86586556
86586560
86586578
86586587
86586694
86586698
86586714
86586716
86586731
86586762
86586877
86586889
86586913
86586927
86586992
86587010
86587140
86587154
86587196
86587207
86587235
86587268
86587429
86587443
86587493
86587498
86587532
86587541
86587662
86587665
86587676
86587684
86587702
86587740
86587848
86587857
86587886
86587898
86587931
86587937
86588051
86588060
86588094
86588106
86588158
86588166
86588284
86588288
86588304
86588305
86588322
86588327
86588438
86588439
86588452
86588459
86588485
86588545
86588642
86588663
86588722
86588733
86588766
86588826
86588914
86588948
86589068
86589111
86589349
86589392
86589469
86589475
86589492
86589499
86589511
86589605
86589627
86589634
86589646
86589654
86589778
86590009
86590120
86590128
86590151
86590167
86590192
86590294
86590325
86590344
86590395
86590403
86590476
86590570
86590588
86590592
86590610
86590615
86590667
86590724
86590737
86590740
86590761
86590763
86590884
86590957
86590986
86590992
86591026
86591035
86591168
86591183
86591226
86591232
86591269
86591282
86593552
86593555
86593638
86593639
86593820
86593826
86594002
86594008
86594083
86594084
86594728
86594729
86595665
86595669
86596370
86596560
86597293
86597458
86598081
86598161
86598432
86598843
86599170
86599328
86599473
86717922
86717962
86718058
86718226
86718319
86718418
86718646
86718765
86718983
86719107
86719209
86719419
86719506
86719586
86732100
86732251
86732286
86732330
86732449
86795134
86795136
86795138
86795140
86795143
86795146
86795149
86795152
86795154
86795157
86795160
86795161
86795167
86795169
86795174
86795195
86795243
86795274
86795276
86795280
86795281
86795285
86795747
86795749
86795752
86795753
86795754
86795755
86795757
86795778
86795802
86795822
86795834
86795851
86795870
86795877
86795887
86795891
86795895
86795896
86795897
86795903
86823813
86823815
86823817
86823818
86823821
86823826
86823828
86823835
86823838
86823841
86823843
86823846
86823857
86823862
86823863
86823864
86823865
86823867
86823868
86823870
86824274
86824275
86824277
86824278
86824280
86824282
86824283
86824285
86824286
86824287
86824288
86824289
86824290
86824291
86824292
86824293
86824294
86824296
86824297
86824298
86824412
86824413
86824414
86824416
86824417
86824418
86824420
86824421
86824422
86824424
86824426
86824429
86824432
86824433
86824434
86824435
86824438
86824439
86824440
86824441
86824506
86824507
86824550
86824553
86824773
86824774
86824775
86824776
86824777
86824779
86824782
86824783
86824784
86824785
86824788
86824792
86824797
86824799
86824801
86824802
86824803
86824804
86824805
86824808
86824838
86824913
86824919
86824920
86824921
86824922
86824925
86824927
86824928
86824929
86824930
86824931
86824935
86824939
86824941
86824942
86824943
86824944
86824946
86824947
86824948
86825142
86825144
86825145
86825278
86825279
86825280
86825281
86825282
86825283
86825284
86825286
86825287
86825288
86825290
86825291
86825292
86825293
86825294
86825295
86825296
86825297
86825298
86825299
86825356
86825357
86825358
86825359
86825572
86825573
86825577
86825578
86825579
86825580
86825581
86825582
86825583
86825584
86825585
86825586
86825587
86825588
86825589
86825590
86825592
86825593
86825594
86825595
86825854
86825864
86825873
86825883
86825892
86825901
86825909
86825916
86825923
86825931
86825940
86825941
86825942
86825943
86825944
86825945
86825946
86825948
86825949
86825951
86826002
86826003
86826004
86826005
86826148
86826149
86826150
86826152
86826153
86826155
86826157
86826158
86826159
86826161
86826169
86826170
86826171
86826174
86826177
86826181
86826183
86826186
86826191
86826192
86826263
86826264
86826265
86826266
86826434
86826435
86826436
86826438
86826440
86826441
86826442
86826443
86826446
86826448
86826500
86826515
86826528
86826538
86826539
86826540
86826541
86826542
86826544
86826545
86826612
86826613
86826615
86826616
86826716
86826721
86826728
86826734
86826741
86826745
86826746
86826748
86826749
86826751
86826752
86826754
86826756
86826758
86826759
86826760
86826764
86826766
86826767
86826768
86831665
86831896
86831974
86832179
86832269
86832457
86851077
86851109
86851243
86851275
86851305
86851473
86851504
86851524
86851633
86851660
86851686
86851949
86851975
86852038
86852163
86852202
86852237
86852423
86852461
86852500
86857489
86857589
86857806
86857888
86857977
86858194
86858291
86858387
86858552
86858630
86858700
86858835
86858871
86858904
86858906
86859069
86859070
86859126
86859279
86859285
86863236
86863370
86863500
86863716
86863807
86863906
86864159
86864271
86864388
86864600
86864628
86864688
86864864
86864933
86864969
86865125
86865170
86865286
86865472
86865542
86870797
86870997
86871125
86871223
86871414
86871509
86871606
86871783
86871864
86871937
86872137
86872206
86872325
86872532
86872628
86872714
86872937
86873042
86873189
86873425
86879136
86879324
86879386
86879424
86879569
86879608
86879641
86879775
86879810
86879826
86879855
86879894
86880015
86880018
86880057
86880066
86880083
86880089
86880202
86880211
86880254
86880270
86880304
86880350
86880508
86880542
86880579
86880597
86880649
86880667
86880832
86880843
86880920
86881040
86881203
86881229
86881296
86881441
86881495
86881692
86881840
86881888
86882033
86882079
86882129
86882302
86882370
86882419
86882566
86882647
86882729
86882897
86882953
86882999
86883127
86883156
86883201
86883358
86883378
86883394
86885421
86885589
86885615
86885649
86885651
86885678
86885681
86885709
86885711
86885739
86885740
86885775
86885776
86885800
86885803
86885824
86885827
86885852
86885854
86885869
86885871
86885912
86885915
86885967
86890992
86891054
86891063
86891213
86891223
86891339
86891347
86891386
86891391
86891622
86891627
86891656
86891658
86891750
86891754
86891886
86891888
86891974
86891977
86892002
86892005
86892232
86892237
86892276
86892338
86892394
86892399
86892534
86892540
86892652
86892660
86892704
86892729
86892923
86892952
86892970
86893044
86893093
86893132
86893278
86900925
86901071
86901073
86901091
86901092
86901286
86901315
86901437
86901451
86901580
86901584
86901713
86901723
86901853
86901858
86901892
86901899
86902163
86902168
86902211
86902217
86902355
86902368
86902519
86902530
86902671
86902678
86902728
86902738
86903188
86903237
86903300
86903303
86903365
86903370
86903510
86903514
86903581
86903604
86903663
86905935
86905936
86905938
86905939
86905941
86905943
86905947
86905949
86905950
86905951
86905952
86905954
86905955
86905956
86905958
86905959
86905961
86905962
86905963
86905965
86906014
86906015
86906016
86906020
86907700
86907716
86907719
86907802
86907830
86907831
86907871
86907880
86907881
86908057
86908065
86908066
86908096
86908105
86908107
86908174
86908187
86908189
86908317
86908330
86908334
86908342
86908382
86908397
86908399
86908413
86908433
86908444
86908447
86908480
86908481
86908482
86908484
86908486
86908615
86908627
86908629
86908632
86908635
86908647
86908652
86908654
86908660
86908695
86908699
86908700
86908705
86908810
86908820
86908821
86908829
86908862
86908869
86908871
86908876
86908891
86908898
86908905
86908938
86908939
86909072
86909082
86909084
86909094
86909108
86909120
86909124
86909129
86909164
86909173
86909174
86909200
86909296
86909308
86909309
86909325
86909367
86909379
86909381
86909388
86912197
86912363
86912366
86912367
86912369
86912375
86912377
86912378
86912379
86912380
86912383
86912385
86912479
86912481
86912498
86912507
86912513
86912521
86912523
86912526
86912612
86912629
86912648
86912665
86912680
86912708
86912732
86912814
86912815
86912817
86912819
86912822
86912823
86912825
86912827
86912828
86912830
86912832
86912833
86912835
86912837
86912838
86912894
86912985
86913148
86913220
86913222
86913225
86913228
86913230
86913232
86913233
86913234
86913235
86913236
86913237
86913238
86913239
86913240
86913241
86913275
86913278
86913279
86913280
86913282
86913283
86913284
86913427
86913458
86913528
86913669
86913756
86913939
86914003
86914055
86914252
86914284
86914335
86914458
86914506
86914817
86914913
86915117
86915174
86915181
86915265
86915281
86915296
86915473
86915488
86915493
86915564
86915569
86915587
86915607
86915616
86915619
86915771
86915775
86915780
86915796
86915802
86915808
86915852
86915855
86915861
86916020
86916029
86916039
86916103
86916108
86916115
86916135
86916144
86916156
86916307
86916319
86916339
86916374
86916380
86916391
86916445
86916452
86916492
86916609
86916616
86916623
86916669
86916675
86916679
86916699
86916708
86916718
86916851
86916857
86916876
86916879
86916933
86916940
86917087
86918427
86918430
86918431
86918432
86918436
86918437
86918439
86918448
86918450
86918452
86918453
86918456
86918460
86918464
86918466
86918468
86918472
86918474
86918475
86918478
86918806
86918807
86918814
86918847
86918848
86918850
86918851
86919002
86919003
86919004
86919046
86919047
86919216
86919218
86919219
86919220
86919266
86919347
86919531
86920940
86921040
86921043
86921046
86921050
86921052
86921057
86921058
86921064
86921091
86921106
86921111
86921116
86921118
86921119
86921137
86921157
86921295
86921300
86921302
86921732
86921806
86921988
86922055
86922140
86922144
86922145
86922149
86922150
86922151
86922361
86922362
86922363
86922365
86922367
86922451
86922452
86922456
86922457
86922460
86922463
86922467
86922469
86922475
86922481
86922488
86922490
86922495
86922497
86922498
86922551
86922552
86922555
86922759
86922760
86922805
86922807
86922855
86922859
86922861
86923035
86923040
86923113
86923118
86923188
86923193
86923394
86923400
86923491
86923496
86923582
86923593
86923799
86923806
86923898
86923912
86924009
86924048
86924230
86924930
86924973
86925076
86925331
86925484
86925669
86925945
86926137
86926322
86926587
86926790
86926958
86927204
86927347
86927507
86927751
86927929
86928111
86928371
86928525
86930802
86930805
86930807
86930809
86930810
86930812
86930814
86930816
86930819
86930840
