24.633
25.694
25.261
24.434
28.037
25.640
25.539
28.535
26.239
25.165
26.053
26.451
25.102
26.086
25.344
25.650
36.638
28.364
26.951
27.017
26.742
26.408
30.374
30.711
28.371
27.918
28.731
27.236
27.353
27.500
27.913
32.498
28.361
30.409
27.554
26.231
27.936
27.153
27.483
28.815
28.636
31.829
29.709
28.722
29.245
30.613
31.929
29.416
29.459
29.456
27.632
26.397
26.712
26.476
26.565
30.474
27.026
28.476
28.031
26.273
26.380
26.926
25.946
26.108
27.520
31.364
30.633
27.983
29.083
28.583
26.601
27.303
26.771
27.408
32.193
29.925
25.733
26.918
25.368
26.711
26.693
26.005
31.510
29.497
27.864
27.327
26.592
27.916
27.274
26.267
26.939
29.042
27.859
27.940
27.576
28.312
26.678
