26.633
27.339
24.226
25.338
24.915
23.941
27.653
25.455
25.182
28.239
25.877
24.685
26.175
26.258
24.984
25.857
25.189
25.495
36.618
28.446
26.851
26.975
26.689
26.352
30.331
30.703
28.274
27.826
28.560
26.614
27.235
27.406
27.747
32.504
28.202
30.134
27.355
26.022
27.763
26.970
27.298
28.687
28.446
31.758
29.605
28.547
29.113
30.452
31.857
29.362
29.324
29.391
27.451
26.305
26.623
26.380
26.565
30.441
27.026
28.397
27.938
26.155
26.234
26.831
25.826
25.636
27.299
30.627
29.882
27.952
29.340
28.579
26.734
27.251
26.679
27.355
29.522
29.867
25.621
26.735
25.155
26.657
26.578
25.891
31.547
29.350
27.812
27.177
26.341
27.730
27.049
