25.516
28.494
26.191
25.057
26.316
26.430
25.070
25.927
25.336
25.644
36.599
28.626
26.969
27.047
26.946
26.594
30.633
30.822
28.386
27.813
28.959
27.409
27.353
27.484
28.138
32.783
28.353
30.470
27.568
26.216
27.967
27.162
26.397
28.865
28.666
31.896
29.777
28.716
29.310
30.700
31.992
29.443
29.499
29.482
27.629
26.385
26.704
26.445
26.492
30.459
26.964
28.431
27.997
26.206
26.340
26.893
25.899
26.075
27.837
31.432
30.691
28.024
29.203
28.626
26.601
27.327
26.766
27.431
32.176
29.832
25.705
26.928
25.338
26.706
26.665
26.007
31.508
29.524
27.887
27.285
26.572
27.931
27.234
26.269
26.938
29.070
27.879
27.971
27.607
28.375
26.693
27.539
29.772
29.176
29.805
28.089
27.152
27.890
26.901
28.905
30.846
29.003
30.293
30.234
28.828
28.935
