25.030
26.512
26.641
25.045
26.137
25.540
25.617
36.668
28.290
27.158
27.236
26.910
26.792
30.809
30.972
28.577
27.993
29.113
27.632
27.353
27.484
28.090
31.685
28.548
30.603
27.766
26.409
27.921
27.344
26.617
29.048
28.043
31.144
29.056
28.942
29.256
30.855
32.124
29.601
29.663
29.636
27.827
26.597
26.912
26.668
26.492
30.671
26.964
28.646
28.216
26.433
26.296
26.853
25.638
25.769
27.766
29.994
30.216
28.220
29.115
28.881
26.878
27.582
26.721
27.686
32.303
29.971
25.979
27.178
25.605
26.751
26.707
26.018
31.461
29.473
27.724
27.329
26.539
27.895
27.012
26.256
26.881
28.525
27.865
27.948
27.598
28.373
26.441
27.535
29.718
29.122
29.732
28.051
27.197
28.152
27.136
29.085
30.973
29.152
30.434
30.135
28.820
28.684
29.249
31.833
35.476
34.437
31.873
28.964
29.664
30.314
